STATIONS_ID;MESS_DATUM;QN_6;RS;RSF;SH_TAG;NSH_TAG;eor
          6;20230430;    3;   0.0;   6;   0;   0;eor
          6;20230501;    3;   0.4;   6;   0;   0;eor
          6;20230502;    3;   0.9;   6;   0;   0;eor
          6;20230503;    3;   0.0;   0;   0;   0;eor
          6;20230504;    3;   0.0;   0;   0;   0;eor
          6;20230505;    3;   8.1;   6;   0;   0;eor
          6;20230506;    3;   0.0;   0;   0;   0;eor
          6;20230507;    3;   4.9;   6;   0;   0;eor
          6;20230508;    3;   1.0;   6;   0;   0;eor
          6;20230509;    3;  17.7;   6;   0;   0;eor
          6;20230510;    3;   4.0;   6;   0;   0;eor
          6;20230511;    3;   8.2;   6;   0;   0;eor
          6;20230512;    3;   1.1;   6;   0;   0;eor
          6;20230513;    3;   0.1;   6;   0;   0;eor
          6;20230514;    3;   0.2;   6;   0;   0;eor
          6;20230515;    3;   1.0;   6;   0;   0;eor
          6;20230516;    3;   0.0;   0;   0;   0;eor
          6;20230517;    3;   0.0;   0;   0;   0;eor
          6;20230518;    3;   0.0;   0;   0;   0;eor
          6;20230519;    3;   0.0;   0;   0;   0;eor
          6;20230520;    3;   0.0;   0;   0;   0;eor
          6;20230521;    3;   0.0;   0;   0;   0;eor
          6;20230522;    3;   0.0;   6;   0;   0;eor
          6;20230523;    3;   0.0;   0;   0;   0;eor
          6;20230524;    3;   0.0;   0;   0;   0;eor
          6;20230525;    3;   0.0;   0;   0;   0;eor
          6;20230526;    3;   0.0;   0;   0;   0;eor
          6;20230527;    3;   0.0;   0;   0;   0;eor
          6;20230528;    3;   0.0;   0;   0;   0;eor
          6;20230529;    3;   0.0;   0;   0;   0;eor
          6;20230530;    3;   0.0;   0;   0;   0;eor
          6;20230531;    3;   0.0;   0;   0;   0;eor
          6;20230601;    3;   0.0;   0;   0;   0;eor
          6;20230602;    3;   0.0;   0;   0;   0;eor
          6;20230603;    3;   0.0;   0;   0;   0;eor
          6;20230604;    3;   0.0;   0;   0;   0;eor
          6;20230605;    3;   0.0;   6;   0;   0;eor
          6;20230606;    3;   0.0;   0;   0;   0;eor
          6;20230607;    3;   0.0;   0;   0;   0;eor
          6;20230608;    3;   0.0;   6;   0;   0;eor
          6;20230609;    3;   0.0;   0;   0;   0;eor
          6;20230610;    3;   0.0;   6;   0;   0;eor
          6;20230611;    3;   0.0;   0;   0;   0;eor
          6;20230612;    3;   0.0;   0;   0;   0;eor
          6;20230613;    3;   0.0;   0;   0;   0;eor
          6;20230614;    3;   0.0;   0;   0;   0;eor
          6;20230615;    3;   0.0;   0;   0;   0;eor
          6;20230616;    3;   0.0;   0;   0;   0;eor
          6;20230617;    3;   0.0;   0;   0;   0;eor
          6;20230618;    3;   0.0;   0;   0;   0;eor
          6;20230619;    3;   2.2;   6;   0;   0;eor
          6;20230620;    3;   1.0;   6;   0;   0;eor
          6;20230621;    3;   8.0;   6;   0;   0;eor
          6;20230622;    3;   2.7;   6;   0;   0;eor
          6;20230623;    3;   0.0;   6;   0;   0;eor
          6;20230624;    3;   0.0;   0;   0;   0;eor
          6;20230625;    3;   0.0;   0;   0;   0;eor
          6;20230626;    3;   0.0;   0;   0;   0;eor
          6;20230627;    3;   0.6;   6;   0;   0;eor
          6;20230628;    3;   0.0;   0;   0;   0;eor
          6;20230629;    3;   0.0;   6;   0;   0;eor
          6;20230630;    3;   3.6;   6;   0;   0;eor
          6;20230701;    3;   3.0;   6;   0;   0;eor
          6;20230702;    3;   0.0;   0;   0;   0;eor
          6;20230703;    3;   0.0;   0;   0;   0;eor
          6;20230704;    3;   1.2;   6;   0;   0;eor
          6;20230705;    3;   5.6;   6;   0;   0;eor
          6;20230706;    3;   0.0;   0;   0;   0;eor
          6;20230707;    3;   0.0;   0;   0;   0;eor
          6;20230708;    3;   0.0;   0;   0;   0;eor
          6;20230709;    3;   0.0;   0;   0;   0;eor
          6;20230710;    3;   0.0;   0;   0;   0;eor
          6;20230711;    3;  25.1;   6;   0;   0;eor
          6;20230712;    3;   0.0;   0;   0;   0;eor
          6;20230713;    3;   0.0;   0;   0;   0;eor
          6;20230714;    3;   0.0;   0;   0;   0;eor
          6;20230715;    3;  11.0;   6;   0;   0;eor
          6;20230716;    3;   0.1;   6;   0;   0;eor
          6;20230717;    3;   0.0;   0;   0;   0;eor
          6;20230718;    3;   1.1;   6;   0;   0;eor
          6;20230719;    3;   0.0;   0;   0;   0;eor
          6;20230720;    3;   0.0;   0;   0;   0;eor
          6;20230721;    3;   0.3;   6;   0;   0;eor
          6;20230722;    3;   0.0;   0;   0;   0;eor
          6;20230723;    3;   0.1;   6;   0;   0;eor
          6;20230724;    3;   2.1;   6;   0;   0;eor
          6;20230725;    3;   6.8;   6;   0;   0;eor
          6;20230726;    3;   2.8;   6;   0;   0;eor
          6;20230727;    3;   1.4;   6;   0;   0;eor
          6;20230728;    3;   3.8;   6;   0;   0;eor
          6;20230729;    3;  26.1;   6;   0;   0;eor
          6;20230730;    3;   7.1;   6;   0;   0;eor
          6;20230731;    3;   4.9;   6;   0;   0;eor
          6;20230801;    3;  17.5;   6;   0;   0;eor
          6;20230802;    3;  17.6;   6;   0;   0;eor
          6;20230803;    3;   0.0;   0;   0;   0;eor
          6;20230804;    3;  27.0;   6;   0;   0;eor
          6;20230805;    3;   6.7;   6;   0;   0;eor
          6;20230806;    3;  17.4;   6;   0;   0;eor
          6;20230807;    3;   0.5;   6;   0;   0;eor
          6;20230808;    3;   0.7;   6;   0;   0;eor
          6;20230809;    3;   7.4;   6;   0;   0;eor
          6;20230810;    3;   0.0;   0;   0;   0;eor
          6;20230811;    3;   0.0;   0;   0;   0;eor
          6;20230812;    3;  19.0;   6;   0;   0;eor
          6;20230813;    3;  15.0;   6;   0;   0;eor
          6;20230814;    3;   0.0;   6;   0;   0;eor
          6;20230815;    3;   0.0;   6;   0;   0;eor
          6;20230816;    3;   0.5;   6;   0;   0;eor
          6;20230817;    3;   0.4;   6;   0;   0;eor
          6;20230818;    3;   0.0;   0;   0;   0;eor
          6;20230819;    3;   0.0;   6;   0;   0;eor
          6;20230820;    3;   0.0;   0;   0;   0;eor
          6;20230821;    3;   0.0;   0;   0;   0;eor
          6;20230822;    3;   0.0;   0;   0;   0;eor
          6;20230823;    3;   0.0;   6;   0;   0;eor
          6;20230824;    3;  12.4;   6;   0;   0;eor
          6;20230825;    3;   9.3;   6;   0;   0;eor
          6;20230826;    3;   8.1;   6;   0;   0;eor
          6;20230827;    3;   5.7;   6;   0;   0;eor
          6;20230828;    3;  10.9;   6;   0;   0;eor
          6;20230829;    3;   9.6;   6;   0;   0;eor
          6;20230830;    3;   5.9;   6;   0;   0;eor
          6;20230831;    3;   2.5;   6;   0;   0;eor
          6;20230901;    3;   3.1;   6;   0;   0;eor
          6;20230902;    3;   0.0;   0;   0;   0;eor
          6;20230903;    3;   0.0;   0;   0;   0;eor
          6;20230904;    3;   0.0;   0;   0;   0;eor
          6;20230905;    3;   0.0;   0;   0;   0;eor
          6;20230906;    3;   0.0;   0;   0;   0;eor
          6;20230907;    3;   0.0;   0;   0;   0;eor
          6;20230908;    3;   0.0;   0;   0;   0;eor
          6;20230909;    3;   0.0;   0;   0;   0;eor
          6;20230910;    3;   0.0;   0;   0;   0;eor
          6;20230911;    3;   0.0;   0;   0;   0;eor
          6;20230912;    3;   0.0;   6;   0;   0;eor
          6;20230913;    3;   0.0;   0;   0;   0;eor
          6;20230914;    3;   0.0;   0;   0;   0;eor
          6;20230915;    3;   0.0;   0;   0;   0;eor
          6;20230916;    3;   0.0;   0;   0;   0;eor
          6;20230917;    3;   0.0;   0;   0;   0;eor
          6;20230918;    3;   2.4;   6;   0;   0;eor
          6;20230919;    3;   2.9;   6;   0;   0;eor
          6;20230920;    3;   0.0;   0;   0;   0;eor
          6;20230921;    3;   4.3;   6;   0;   0;eor
          6;20230922;    3;   1.6;   6;   0;   0;eor
          6;20230923;    3;   0.0;   0;   0;   0;eor
          6;20230924;    3;   0.0;   0;   0;   0;eor
          6;20230925;    3;   0.0;   0;   0;   0;eor
          6;20230926;    3;   0.0;   0;   0;   0;eor
          6;20230927;    3;   0.0;   0;   0;   0;eor
          6;20230928;    3;   0.0;   0;   0;   0;eor
          6;20230929;    3;   0.0;   0;   0;   0;eor
          6;20230930;    3;   0.0;   0;   0;   0;eor
          6;20231001;    3;   0.0;   0;   0;   0;eor
          6;20231002;    3;   0.0;   0;   0;   0;eor
          6;20231003;    3;   4.8;   6;   0;   0;eor
          6;20231004;    3;   0.0;   0;   0;   0;eor
          6;20231005;    3;   0.0;   0;   0;   0;eor
          6;20231006;    3;   0.0;   0;   0;   0;eor
          6;20231007;    3;   0.2;   6;   0;   0;eor
          6;20231008;    3;   0.0;   6;   0;   0;eor
          6;20231009;    3;   0.0;   0;   0;   0;eor
          6;20231010;    3;   0.0;   0;   0;   0;eor
          6;20231011;    3;   0.0;   0;   0;   0;eor
          6;20231012;    3;   0.0;   0;   0;   0;eor
          6;20231013;    3;   0.0;   6;   0;   0;eor
          6;20231014;    3;  16.2;   6;   0;   0;eor
          6;20231015;    3;   0.1;   6;   0;   0;eor
          6;20231016;    3;   0.0;   0;   0;   0;eor
          6;20231017;    3;   0.0;   0;   0;   0;eor
          6;20231018;    3;   5.9;   6;   0;   0;eor
          6;20231019;    3;   3.1;   6;   0;   0;eor
          6;20231020;    3;   2.5;   6;   0;   0;eor
          6;20231021;    3;   1.4;   6;   0;   0;eor
          6;20231022;    3;   0.0;   0;   0;   0;eor
          6;20231023;    3;   0.3;   6;   0;   0;eor
          6;20231024;    3;  11.7;   6;   0;   0;eor
          6;20231025;    3;   6.7;   6;   0;   0;eor
          6;20231026;    3;   6.3;   6;   0;   0;eor
          6;20231027;    3;   3.7;   6;   0;   0;eor
          6;20231028;    3;   0.3;   6;   0;   0;eor
          6;20231029;    3;   0.0;   6;   0;   0;eor
          6;20231030;    3;   5.9;   6;   0;   0;eor
          6;20231031;    3;   3.1;   6;   0;   0;eor
          6;20231101;    3;   0.0;   6;   0;   0;eor
          6;20231102;    3;   7.2;   6;   0;   0;eor
          6;20231103;    3;   0.4;   6;   0;   0;eor
          6;20231104;    3;   0.8;   6;   0;   0;eor
          6;20231105;    3;   7.9;   6;   0;   0;eor
          6;20231106;    3;   0.3;   6;   0;   0;eor
          6;20231107;    3;   0.6;   6;   0;   0;eor
          6;20231108;    3;   0.0;   0;   0;   0;eor
          6;20231109;    3;   1.3;   6;   0;   0;eor
          6;20231110;    3;   8.3;   6;   0;   0;eor
          6;20231111;    3;   2.9;   6;   0;   0;eor
          6;20231112;    3;  12.7;   6;   0;   0;eor
          6;20231113;    3;  20.6;   6;   0;   0;eor
          6;20231114;    3;   7.5;   6;   0;   0;eor
          6;20231115;    3;   6.0;   6;   0;   0;eor
          6;20231116;    3;  28.5;   6;   0;   0;eor
          6;20231117;    3;   5.5;   6;   0;   0;eor
          6;20231118;    3;   9.7;   6;   0;   0;eor
          6;20231119;    3;   1.7;   6;   0;   0;eor
          6;20231120;    3;   8.1;   6;   0;   0;eor
          6;20231121;    3;   4.7;   6;   0;   0;eor
          6;20231122;    3;   0.0;   0;   0;   0;eor
          6;20231123;    3;   9.3;   8;   0;   0;eor
          6;20231124;    3;  13.6;   8;   0;   0;eor
          6;20231125;    3;   5.2;   8;   1;   1;eor
          6;20231126;    3;   1.7;   8;   0;   0;eor
          6;20231127;    3;  19.9;   6;   0;   0;eor
          6;20231128;    3;   1.7;   7;   0;   0;eor
          6;20231129;    3;   0.1;   7;   1;   1;eor
          6;20231130;    3;   3.7;   8;   1;   0;eor
          6;20231201;    3;  12.1;   7;   1;   1;eor
          6;20231202;    3;   0.1;   7;  14;  14;eor
          6;20231203;    3;   0.0;   0;  11;   1;eor
          6;20231204;    3;   2.2;   8;  10;   0;eor
          6;20231205;    3;   1.8;   8;   5;   0;eor
          6;20231206;    3;   1.9;   6;   4;   0;eor
          6;20231207;    3;   0.3;   6;   0;   0;eor
          6;20231208;    3;   4.8;   6;   0;   0;eor
          6;20231209;    3;  12.7;   6;   0;   0;eor
          6;20231210;    3;   4.5;   6;   0;   0;eor
          6;20231211;    3;   0.1;   6;   0;   0;eor
          6;20231212;    3;  17.8;   6;   0;   0;eor
          6;20231213;    3;   4.8;   6;   0;   0;eor
          6;20231214;    3;   0.7;   6;   0;   0;eor
          6;20231215;    3;   0.2;   6;   0;   0;eor
          6;20231216;    3;   0.0;   6;   0;   0;eor
          6;20231217;    3;   0.0;   0;   0;   0;eor
          6;20231218;    3;   0.0;   0;   0;   0;eor
          6;20231219;    3;   6.1;   6;   0;   0;eor
          6;20231220;    3;   2.3;   6;   0;   0;eor
          6;20231221;    3;  17.6;   6;   0;   0;eor
          6;20231222;    3;  14.3;   6;   0;   0;eor
          6;20231223;    3;   8.2;   6;   0;   0;eor
          6;20231224;    3;   0.7;   6;   0;   0;eor
          6;20231225;    3;   0.0;   0;   0;   0;eor
          6;20231226;    3;   0.7;   6;   0;   0;eor
          6;20231227;    3;   0.0;   0;   0;   0;eor
          6;20231228;    3;   0.3;   6;   0;   0;eor
          6;20231229;    3;   0.0;   6;   0;   0;eor
          6;20231230;    3;   0.5;   6;   0;   0;eor
          6;20231231;    3;   1.5;   6;   0;   0;eor
          6;20240101;    3;   1.6;   6;   0;   0;eor
          6;20240102;    3;  19.5;   6;   0;   0;eor
          6;20240103;    3;   8.5;   6;   0;   0;eor
          6;20240104;    3;   4.0;   6;   0;   0;eor
          6;20240105;    3;   0.0;   6;   0;   0;eor
          6;20240106;    3;   0.5;   6;   0;   0;eor
          6;20240107;    3;   0.4;   7;   0;   0;eor
          6;20240108;    3;   0.0;   0;   1;   1;eor
          6;20240109;    3;   0.0;   0;   0;   0;eor
          6;20240110;    3;   0.0;   0;   0;   0;eor
          6;20240111;    3;   0.0;   0;   0;   0;eor
          6;20240112;    3;   0.0;   0;   0;   0;eor
          6;20240113;    3;   0.0;   0;   0;   0;eor
          6;20240114;    3;   0.0;   7;   0;   0;eor
          6;20240115;    3;   2.5;   7;   0;   0;eor
          6;20240116;    3;   0.2;   8;   6;   6;eor
          6;20240117;    3;   8.4;   8;   4;   0;eor
          6;20240118;    3;   2.8;   7;   0;   0;eor
          6;20240119;    3;   0.0;   0;   1;   1;eor
          6;20240120;    3;   0.0;   0;   1;   0;eor
          6;20240121;    3;   0.0;   0;   1;   0;eor
          6;20240122;    3;   6.8;   6;   0;   0;eor
          6;20240123;    3;   0.2;   6;   0;   0;eor
          6;20240124;    3;   0.8;   6;   0;   0;eor
          6;20240125;    3;   0.3;   6;   0;   0;eor
          6;20240126;    3;   3.6;   6;   0;   0;eor
          6;20240127;    3;   0.0;   0;   0;   0;eor
          6;20240128;    3;   0.0;   0;   0;   0;eor
          6;20240129;    3;   0.0;   0;   0;   0;eor
          6;20240130;    3;   0.0;   6;   0;   0;eor
          6;20240131;    3;   0.1;   6;   0;   0;eor
          6;20240201;    3;   5.5;   6;   0;   0;eor
          6;20240202;    3;   0.1;   6;   0;   0;eor
          6;20240203;    3;   0.0;   6;   0;   0;eor
          6;20240204;    3;   0.0;   6;   0;   0;eor
          6;20240205;    3;   0.0;   6;   0;   0;eor
          6;20240206;    3;   0.0;   6;   0;   0;eor
          6;20240207;    3;  22.0;   6;   0;   0;eor
          6;20240208;    3;  12.9;   6;   0;   0;eor
          6;20240209;    3;   4.1;   6;   0;   0;eor
          6;20240210;    3;   9.3;   6;   0;   0;eor
          6;20240211;    3;   2.2;   6;   0;   0;eor
          6;20240212;    3;   0.3;   6;   0;   0;eor
          6;20240213;    3;   0.1;   6;   0;   0;eor
          6;20240214;    3;   0.0;   0;   0;   0;eor
          6;20240215;    3;   0.0;   0;   0;   0;eor
          6;20240216;    3;   1.8;   6;   0;   0;eor
          6;20240217;    3;   0.0;   0;   0;   0;eor
          6;20240218;    3;   5.0;   6;   0;   0;eor
          6;20240219;    3;   1.2;   6;   0;   0;eor
          6;20240220;    3;   0.2;   6;   0;   0;eor
          6;20240221;    3;   5.8;   6;   0;   0;eor
          6;20240222;    3;  15.6;   6;   0;   0;eor
          6;20240223;    3;   0.0;   0;   0;   0;eor
          6;20240224;    3;   3.3;   6;   0;   0;eor
          6;20240225;    3;   0.0;   6;   0;   0;eor
          6;20240226;    3;   0.1;   6;   0;   0;eor
          6;20240227;    3;   0.0;   6;   0;   0;eor
          6;20240228;    3;   0.0;   0;   0;   0;eor
          6;20240229;    3;   0.0;   0;   0;   0;eor
          6;20240301;    3;   0.7;   6;   0;   0;eor
          6;20240302;    3;   0.0;   0;   0;   0;eor
          6;20240303;    3;   0.0;   0;   0;   0;eor
          6;20240304;    3;   0.1;   6;   0;   0;eor
          6;20240305;    3;   5.4;   6;   0;   0;eor
          6;20240306;    3;   5.8;   6;   0;   0;eor
          6;20240307;    3;   0.2;   6;   0;   0;eor
          6;20240308;    3;   0.0;   0;   0;   0;eor
          6;20240309;    3;   0.0;   0;   0;   0;eor
          6;20240310;    3;   3.1;   6;   0;   0;eor
          6;20240311;    3;   0.2;   6;   0;   0;eor
          6;20240312;    3;   6.3;   6;   0;   0;eor
          6;20240313;    3;   0.1;   6;   0;   0;eor
          6;20240314;    3;   0.0;   0;   0;   0;eor
          6;20240315;    3;   7.7;   6;   0;   0;eor
          6;20240316;    3;   3.7;   6;   0;   0;eor
          6;20240317;    3;   0.1;   6;   0;   0;eor
          6;20240318;    3;   5.0;   6;   0;   0;eor
          6;20240319;    3;   0.0;   0;   0;   0;eor
          6;20240320;    3;   0.0;   0;   0;   0;eor
          6;20240321;    3;   0.0;   0;   0;   0;eor
          6;20240322;    3;   0.7;   6;   0;   0;eor
          6;20240323;    3;   8.2;   8;   0;   0;eor
          6;20240324;    3;   6.2;   8;   0;   0;eor
          6;20240325;    3;   0.0;   0;   0;   0;eor
          6;20240326;    3;   0.0;   0;   0;   0;eor
          6;20240327;    3;  11.0;   6;   0;   0;eor
          6;20240328;    3;   0.2;   6;   0;   0;eor
          6;20240329;    3;   0.2;   6;   0;   0;eor
          6;20240330;    3;   0.1;   6;   0;   0;eor
          6;20240331;    3;   0.0;   0;   0;   0;eor
          6;20240401;    3;   7.2;   6;   0;   0;eor
          6;20240402;    3;   0.7;   6;   0;   0;eor
          6;20240403;    3;   4.3;   6;   0;   0;eor
          6;20240404;    3;   6.1;   6;   0;   0;eor
          6;20240405;    3;   0.0;   6;   0;   0;eor
          6;20240406;    3;   0.0;   0;   0;   0;eor
          6;20240407;    3;   0.0;   0;   0;   0;eor
          6;20240408;    3;   0.0;   0;   0;   0;eor
          6;20240409;    3;   0.5;   6;   0;   0;eor
          6;20240410;    3;   0.0;   0;   0;   0;eor
          6;20240411;    3;   0.0;   0;   0;   0;eor
          6;20240412;    3;   0.0;   0;   0;   0;eor
          6;20240413;    3;   0.0;   0;   0;   0;eor
          6;20240414;    3;   0.0;   6;   0;   0;eor
          6;20240415;    3;   5.6;   6;   0;   0;eor
          6;20240416;    3;  21.1;   6;   0;   0;eor
          6;20240417;    3;   7.5;   6;   0;   0;eor
          6;20240418;    3;   0.4;   6;   0;   0;eor
          6;20240419;    3;  18.0;   6;   0;   0;eor
          6;20240420;    3;   1.9;   8;   0;   0;eor
          6;20240421;    3;   3.8;   8;   0;   0;eor
          6;20240422;    3;   0.0;   0;   0;   0;eor
          6;20240423;    3;   0.0;   0;   0;   0;eor
          6;20240424;    3;   2.0;   6;   0;   0;eor
          6;20240425;    3;   0.1;   8;   0;   0;eor
          6;20240426;    3;   0.6;   6;   0;   0;eor
          6;20240427;    3;   0.0;   0;   0;   0;eor
          6;20240428;    3;   0.0;   0;   0;   0;eor
          6;20240429;    3;   0.0;   0;   0;   0;eor
          6;20240430;    3;   0.0;   0;   0;   0;eor
          6;20240501;    3;   0.0;   0;   0;   0;eor
          6;20240502;    3;   4.7;   8;   0;   0;eor
          6;20240503;    3;   0.0;   0;   0;   0;eor
          6;20240504;    3;   1.1;   6;   0;   0;eor
          6;20240505;    3;   3.6;   6;   0;   0;eor
          6;20240506;    3;   5.0;   6;   0;   0;eor
          6;20240507;    3;   0.1;   6;   0;   0;eor
          6;20240508;    3;   0.0;   0;   0;   0;eor
          6;20240509;    3;   0.0;   0;   0;   0;eor
          6;20240510;    3;   0.0;   0;   0;   0;eor
          6;20240511;    3;   0.0;   0;   0;   0;eor
          6;20240512;    3;   0.0;   0;   0;   0;eor
          6;20240513;    3;   0.0;   6;   0;   0;eor
          6;20240514;    3;   0.0;   0;   0;   0;eor
          6;20240515;    3;   4.5;   6;   0;   0;eor
          6;20240516;    3;  25.5;   6;   0;   0;eor
          6;20240517;    3;  19.4;   6;   0;   0;eor
          6;20240518;    3;   2.9;   6;   0;   0;eor
          6;20240519;    3;   0.0;   0;   0;   0;eor
          6;20240520;    3;   0.0;   0;   0;   0;eor
          6;20240521;    3;   9.7;   6;   0;   0;eor
          6;20240522;    3;   4.3;   6;   0;   0;eor
          6;20240523;    3;  22.5;   6;   0;   0;eor
          6;20240524;    3;   0.5;   6;   0;   0;eor
          6;20240525;    3;   4.4;   6;   0;   0;eor
          6;20240526;    3;   1.5;   6;   0;   0;eor
          6;20240527;    3;   4.1;   6;   0;   0;eor
          6;20240528;    3;   0.0;   6;   0;   0;eor
          6;20240529;    3;   8.0;   6;   0;   0;eor
          6;20240530;    3;   1.3;   6;   0;   0;eor
          6;20240531;    3;  52.5;   6;   0;   0;eor
          6;20240601;    3;  43.2;   6;   0;   0;eor
          6;20240602;    3;  20.9;   6;   0;   0;eor
          6;20240603;    3;   0.4;   6;   0;   0;eor
          6;20240604;    3;   0.0;   0;   0;   0;eor
          6;20240605;    3;   0.7;   6;   0;   0;eor
          6;20240606;    3;   0.7;   6;   0;   0;eor
          6;20240607;    3;   0.0;   0;   0;   0;eor
          6;20240608;    3;  12.2;   6;   0;   0;eor
          6;20240609;    3;   0.1;   6;   0;   0;eor
          6;20240610;    3;   0.3;   6;   0;   0;eor
          6;20240611;    3;   0.0;   0;   0;   0;eor
          6;20240612;    3;   1.5;   6;   0;   0;eor
          6;20240613;    3;   0.0;   0;   0;   0;eor
          6;20240614;    3;   6.3;   6;   0;   0;eor
          6;20240615;    3;   0.2;   6;   0;   0;eor
          6;20240616;    3;   0.2;   6;   0;   0;eor
          6;20240617;    3;   0.0;   6;   0;   0;eor
          6;20240618;    3;   2.7;   6;   0;   0;eor
          6;20240619;    3;   0.8;   6;   0;   0;eor
          6;20240620;    3;   0.0;   0;   0;   0;eor
          6;20240621;    3;  14.4;   6;   0;   0;eor
          6;20240622;    3;  25.4;   6;   0;   0;eor
          6;20240623;    3;   0.0;   0;   0;   0;eor
          6;20240624;    3;   0.0;   0;   0;   0;eor
          6;20240625;    3;   0.0;   0;   0;   0;eor
          6;20240626;    3;   2.7;   6;   0;   0;eor
          6;20240627;    3;   4.0;   6;   0;   0;eor
          6;20240628;    3;   0.0;   0;   0;   0;eor
          6;20240629;    3;   0.3;   6;   0;   0;eor
          6;20240630;    3;   1.7;   6;   0;   0;eor
          6;20240701;    3;   0.5;   6;   0;   0;eor
          6;20240702;    3;   4.7;   6;   0;   0;eor
          6;20240703;    3;   7.4;   6;   0;   0;eor
          6;20240704;    3;   1.4;   6;   0;   0;eor
          6;20240705;    3;   0.0;   0;   0;   0;eor
          6;20240706;    3;   6.6;   6;   0;   0;eor
          6;20240707;    3;   0.2;   6;   0;   0;eor
          6;20240708;    3;   0.0;   0;   0;   0;eor
          6;20240709;    3;   1.0;   6;   0;   0;eor
          6;20240710;    3;   8.5;   6;   0;   0;eor
          6;20240711;    3;   2.0;   6;   0;   0;eor
          6;20240712;    3;  19.6;   8;   0;   0;eor
          6;20240713;    3;   0.0;   6;   0;   0;eor
          6;20240714;    3;   0.0;   0;   0;   0;eor
          6;20240715;    3;   7.5;   6;   0;   0;eor
          6;20240716;    3;   0.3;   6;   0;   0;eor
          6;20240717;    3;   0.0;   0;   0;   0;eor
          6;20240718;    3;   0.0;   0;   0;   0;eor
          6;20240719;    3;   0.0;   0;   0;   0;eor
          6;20240720;    3;   0.0;   0;   0;   0;eor
          6;20240721;    3;   0.0;   6;   0;   0;eor
          6;20240722;    3;   0.0;   0;   0;   0;eor
          6;20240723;    3;   3.5;   6;   0;   0;eor
          6;20240724;    3;   0.0;   0;   0;   0;eor
          6;20240725;    3;   0.0;   0;   0;   0;eor
          6;20240726;    3;   0.0;   6;   0;   0;eor
          6;20240727;    3;   7.6;   6;   0;   0;eor
          6;20240728;    3;   0.0;   6;   0;   0;eor
          6;20240729;    3;   0.0;   0;   0;   0;eor
          6;20240730;    3;   0.0;   0;   0;   0;eor
          6;20240731;    3;   0.2;   6;   0;   0;eor
          6;20240801;    3;  12.8;   6;   0;   0;eor
          6;20240802;    3;   0.5;   6;   0;   0;eor
          6;20240803;    3;   0.0;   6;   0;   0;eor
          6;20240804;    3;   3.2;   6;   0;   0;eor
          6;20240805;    3;   0.0;   0;   0;   0;eor
          6;20240806;    3;   0.0;   0;   0;   0;eor
          6;20240807;    3;   0.4;   6;   0;   0;eor
          6;20240808;    3;   0.0;   0;   0;   0;eor
          6;20240809;    3;   0.0;   0;   0;   0;eor
          6;20240810;    3;   0.0;   0;   0;   0;eor
          6;20240811;    3;   0.0;   0;   0;   0;eor
          6;20240812;    3;   0.0;   0;   0;   0;eor
          6;20240813;    3;   0.0;   0;   0;   0;eor
          6;20240814;    3;   1.0;   6;   0;   0;eor
          6;20240815;    3;   0.0;   0;   0;   0;eor
          6;20240816;    3;   0.4;   6;   0;   0;eor
          6;20240817;    3;   1.4;   6;   0;   0;eor
          6;20240818;    3;  13.9;   6;   0;   0;eor
          6;20240819;    1;   1.0;   6;   0;   0;eor
          6;20240820;    1;   0.0;   0;   0;   0;eor
          6;20240821;    1;   1.8;   6;   0;   0;eor
          6;20240822;    1;   0.0;   0;   0;   0;eor
          6;20240823;    1;   0.0;   0;   0;   0;eor
          6;20240824;    1;   1.7;   6;   0;   0;eor
          6;20240825;    1;   0.1;   6;   0;   0;eor
          6;20240826;    1;   0.0;   0;   0;   0;eor
          6;20240827;    1;   0.0;   0;   0;   0;eor
          6;20240828;    1;   0.0;   0;   0;   0;eor
          6;20240829;    1;   0.0;   0;   0;   0;eor
          6;20240830;    1;   0.0;   0;   0;   0;eor
          6;20240831;    1;   0.0;   0;   0;   0;eor
          6;20240901;    1;   0.9;   6;   0;   0;eor
          6;20240902;    1;   1.0;   6;   0;   0;eor
          6;20240903;    1;   0.2;   6;   0;   0;eor
          6;20240904;    1;   0.1;   6;   0;   0;eor
          6;20240905;    1;   0.0;   6;   0;   0;eor
          6;20240906;    1;   0.0;   0;   0;   0;eor
          6;20240907;    1;   0.0;   0;   0;   0;eor
          6;20240908;    1;  17.4;   6;   0;   0;eor
          6;20240909;    1;  11.0;   6;   0;   0;eor
          6;20240910;    1;   2.9;   6;   0;   0;eor
          6;20240911;    1;   9.4;   6;   0;   0;eor
          6;20240912;    1;   2.4;   8;   0;   0;eor
          6;20240913;    1;   0.9;   6;   0;   0;eor
          6;20240914;    1;   0.1;   6;   0;   0;eor
          6;20240915;    1;   0.3;   6;   0;   0;eor
          6;20240916;    1;  11.2;   6;   0;   0;eor
          6;20240917;    1;   0.0;   6;   0;   0;eor
          6;20240918;    1;   0.0;   0;   0;   0;eor
          6;20240919;    1;   0.0;   0;   0;   0;eor
          6;20240920;    1;   0.0;   0;   0;   0;eor
          6;20240921;    1;   0.0;   0;   0;   0;eor
          6;20240922;    1;   0.0;   6;   0;   0;eor
          6;20240923;    1;  20.5;   6;   0;   0;eor
          6;20240924;    1;   0.2;   6;   0;   0;eor
          6;20240925;    1;   6.8;   6;   0;   0;eor
          6;20240926;    1;  12.9;   6;   0;   0;eor
          6;20240927;    1;  13.0;   6;   0;   0;eor
          6;20240928;    1;   2.7;   6;   0;   0;eor
          6;20240929;    1;   0.0;   0;   0;   0;eor
          6;20240930;    1;   2.5;   6;   0;   0;eor
          6;20241001;    1;  11.9;   6;   0;   0;eor
          6;20241002;    1;  13.1;   6;   0;   0;eor
          6;20241003;    1;   1.7;   6;   0;   0;eor
          6;20241004;    1;   5.1;   6;   0;   0;eor
          6;20241005;    1;   0.2;   6;   0;   0;eor
          6;20241006;    1;   0.6;   6;   0;   0;eor
          6;20241007;    1;   2.9;   6;   0;   0;eor
          6;20241008;    1;  10.3;   6;   0;   0;eor
          6;20241009;    1;   0.5;   6;   0;   0;eor
          6;20241010;    1;   8.5;   6;   0;   0;eor
          6;20241011;    1;   0.0;   0;   0;   0;eor
          6;20241012;    1;   1.6;   6;   0;   0;eor
          6;20241013;    1;   0.0;   0;   0;   0;eor
          6;20241014;    1;   6.7;   6;   0;   0;eor
          6;20241015;    1;   0.0;   0;   0;   0;eor
          6;20241016;    1;   0.0;   0;   0;   0;eor
          6;20241017;    1;   0.0;   0;   0;   0;eor
          6;20241018;    1;   0.2;   6;   0;   0;eor
          6;20241019;    1;   0.0;   0;   0;   0;eor
          6;20241020;    1;   0.0;   0;   0;   0;eor
          6;20241021;    1;   0.0;   6;   0;   0;eor
          6;20241022;    1;   1.0;   6;   0;   0;eor
          6;20241023;    1;   0.0;   6;   0;   0;eor
          6;20241024;    1;   0.0;   0;   0;   0;eor
          6;20241025;    1;   0.0;   0;   0;   0;eor
          6;20241026;    1;   0.0;   0;   0;   0;eor
          6;20241027;    1;   0.0;   0;   0;   0;eor
          6;20241028;    1;   0.0;   0;   0;   0;eor
          6;20241029;    1;   0.0;   0;   0;   0;eor
          6;20241030;    1;   0.0;   0;   0;   0;eor
